0 0.144888 0.169731 0.019964 0.038478
1 0.229583 0.170586 0.033273 0.041898
1 0.278584 0.171868 0.027223 0.041043
1 0.340895 0.170586 0.026013 0.040188
1 0.387477 0.171441 0.026013 0.041898
0 0.436479 0.175716 0.029643 0.036768
0 0.529643 0.222317 0.028433 0.041043
1 0.612523 0.221035 0.030853 0.040188
1 0.661525 0.221035 0.028433 0.043608
1 0.723230 0.222531 0.028433 0.038906
1 0.772232 0.222317 0.027223 0.041043
0 0.821234 0.221035 0.040532 0.040188
0 0.127949 0.348867 0.032063 0.042753
1 0.208711 0.349295 0.041137 0.045319
1 0.264065 0.350577 0.026013 0.046174
1 0.325771 0.350363 0.033273 0.047456
1 0.377798 0.350791 0.028433 0.048311
0 0.428010 0.352074 0.032063 0.049166
0 0.521779 0.398033 0.027223 0.042753
1 0.599516 0.397178 0.042347 0.046174
1 0.654870 0.398033 0.022384 0.042753
0 0.720811 0.398033 0.028433 0.044463
0 0.803085 0.397178 0.034483 0.044463
0 0.346945 0.581873 0.033273 0.041043
0 0.432244 0.583583 0.035693 0.044463
1 0.618572 0.584438 0.030853 0.044463
1 0.668179 0.585079 0.028433 0.049166
0 0.737145 0.586362 0.033273 0.050021
0 0.822444 0.586362 0.038113 0.051732
0 0.140653 0.634032 0.023593 0.038478
1 0.224138 0.631039 0.036903 0.042753
1 0.277374 0.630398 0.029643 0.045746
0 0.530853 0.636169 0.030853 0.034203
0 0.143678 0.758230 0.029643 0.038906
1 0.228373 0.761864 0.030853 0.044463
1 0.278584 0.761437 0.032063 0.047029
0 0.526618 0.758658 0.032063 0.039761
0 0.339080 0.812313 0.029643 0.037623
0 0.424380 0.811458 0.032063 0.039333
1 0.607078 0.811885 0.027223 0.036768
1 0.656080 0.811030 0.029643 0.036768
0 0.722021 0.811458 0.030853 0.039333
0 0.803690 0.810603 0.035693 0.039333
