0 0.176044 0.194314 0.038717 0.044036
1 0.257713 0.193673 0.035088 0.045319
1 0.305808 0.193031 0.021174 0.044036
1 0.369933 0.194528 0.033273 0.047029
1 0.418935 0.194528 0.033273 0.047029
1 0.641561 0.245618 0.033273 0.032920
1 0.691168 0.246045 0.027223 0.037195
1 0.754386 0.244121 0.025408 0.035913
1 0.803388 0.243480 0.032668 0.039761
1 0.238355 0.368320 0.027828 0.041471
1 0.287356 0.368961 0.031458 0.045319
1 0.352692 0.370244 0.029038 0.042753
1 0.403206 0.372381 0.033273 0.047029
1 0.625832 0.425395 0.033273 0.031637
1 0.674531 0.423258 0.029038 0.035913
1 0.741984 0.421975 0.030853 0.035913
1 0.790684 0.421334 0.035088 0.037195
1 0.261948 0.601325 0.031458 0.035485
1 0.318209 0.603249 0.035088 0.042753
1 0.271325 0.778538 0.027223 0.037623
1 0.322444 0.778538 0.031458 0.037623
0 0.469752 0.193673 0.029643 0.045319
0 0.559589 0.241984 0.029038 0.042753
0 0.848155 0.241984 0.025408 0.040188
0 0.158500 0.371099 0.035088 0.047029
0 0.453116 0.372381 0.022989 0.052159
0 0.543557 0.419410 0.033273 0.035913
0 0.838475 0.420693 0.029038 0.035913
0 0.382033 0.602608 0.036903 0.044036
0 0.469449 0.602608 0.041137 0.041471
0 0.575015 0.606242 0.040532 0.045319
0 0.662734 0.609662 0.029643 0.052159
0 0.764368 0.602608 0.036903 0.041471
0 0.851180 0.606028 0.038717 0.048311
0 0.176649 0.600684 0.025408 0.031637
0 0.176951 0.778538 0.036903 0.037623
0 0.392619 0.780462 0.031458 0.041471
0 0.486086 0.781103 0.027223 0.042753
0 0.593466 0.783882 0.031458 0.048311
0 0.684513 0.781958 0.036903 0.041043
0 0.592559 0.835186 0.036903 0.037195
0 0.688143 0.830269 0.049002 0.038478
2 0.174229 0.653698 0.035088 0.038478
2 0.381125 0.656477 0.035088 0.035485
2 0.573805 0.658615 0.042952 0.037195
2 0.760436 0.653057 0.044767 0.037195
2 0.176044 0.831766 0.038717 0.041471
2 0.395342 0.833690 0.036903 0.034203
2 0.795523 0.780676 0.041137 0.035913
2 0.795523 0.830269 0.041137 0.041043
