0 0.174834 0.188328 0.029038 0.039761
1 0.256806 0.191107 0.033273 0.045319
1 0.309437 0.192390 0.033273 0.047884
0 0.381730 0.186832 0.056866 0.040188
0 0.457955 0.192390 0.032668 0.045319
0 0.551724 0.239846 0.021779 0.038478
1 0.633696 0.239419 0.033273 0.042753
1 0.683303 0.239846 0.023593 0.047029
0 0.749546 0.237922 0.019359 0.037195
0 0.831821 0.239846 0.035088 0.047029
0 0.176044 0.443993 0.035088 0.041471
1 0.258016 0.442711 0.027223 0.041471
1 0.306715 0.442069 0.027828 0.045319
0 0.373866 0.442711 0.029038 0.044036
0 0.454930 0.442711 0.031458 0.044036
0 0.754386 0.443993 0.025408 0.044036
0 0.837568 0.445490 0.023593 0.047029
0 0.551724 0.492304 0.025408 0.041471
1 0.634301 0.490381 0.027223 0.045319
1 0.685118 0.490381 0.027223 0.042753
0 0.171204 0.756306 0.029038 0.042753
1 0.252874 0.757161 0.029038 0.041043
1 0.302783 0.755665 0.030853 0.044036
0 0.368421 0.757802 0.025408 0.039761
0 0.450998 0.758658 0.027223 0.044036
0 0.555354 0.707995 0.025408 0.042753
1 0.639443 0.704788 0.032668 0.041471
1 0.689353 0.706712 0.023593 0.042753
0 0.753479 0.707354 0.030853 0.044036
0 0.837568 0.710346 0.030853 0.044036
