1 0.173019 0.190252 0.032668 0.038478
1 0.221718 0.193031 0.029643 0.041471
1 0.269510 0.195810 0.030853 0.049594
1 0.315487 0.194314 0.024803 0.044036
1 0.380823 0.190466 0.030853 0.041471
1 0.425590 0.193031 0.023593 0.044036
0 0.475499 0.193031 0.037508 0.041471
1 0.571083 0.193031 0.029038 0.044036
1 0.618875 0.196451 0.031458 0.050876
0 0.668784 0.195169 0.033273 0.048311
1 0.759528 0.191749 0.023593 0.038906
1 0.810042 0.188328 0.031458 0.039761
0 0.859044 0.186832 0.019359 0.040188
1 0.155475 0.368747 0.025408 0.037195
1 0.209014 0.371740 0.027223 0.045746
1 0.258923 0.370885 0.029038 0.052587
1 0.307623 0.368961 0.029643 0.040188
1 0.375076 0.366182 0.035088 0.039761
1 0.424682 0.370885 0.029038 0.044036
1 0.470659 0.368320 0.027828 0.044036
1 0.524198 0.373664 0.033273 0.049594
1 0.585904 0.368320 0.027223 0.041471
1 0.640351 0.370457 0.023593 0.048311
1 0.688445 0.368320 0.025408 0.044036
1 0.740169 0.370244 0.027223 0.053869
2 0.803388 0.369602 0.029038 0.044036
0 0.151543 0.420693 0.024803 0.041043
0 0.254083 0.425609 0.031458 0.037195
0 0.369328 0.417272 0.027223 0.040188
0 0.470659 0.424113 0.038717 0.040188
0 0.581670 0.424113 0.023593 0.042753
0 0.689050 0.422617 0.038717 0.037195
2 0.807320 0.425609 0.033273 0.034630
0 0.172111 0.244763 0.023593 0.037195
0 0.266788 0.247542 0.021779 0.029072
0 0.377193 0.245404 0.027223 0.038478
0 0.470659 0.245404 0.031458 0.038478
0 0.568361 0.244763 0.027223 0.034630
0 0.661827 0.250962 0.027828 0.033348
0 0.760436 0.244121 0.032668 0.044463
0 0.851180 0.248397 0.031458 0.035913
1 0.173926 0.597905 0.030853 0.037195
1 0.223835 0.600043 0.021779 0.032920
1 0.273442 0.599188 0.031458 0.034630
1 0.322142 0.601967 0.027223 0.042753
0 0.382940 0.601967 0.031458 0.040188
0 0.467937 0.604104 0.033273 0.047029
1 0.563218 0.601967 0.029038 0.042753
1 0.613128 0.604746 0.023593 0.048311
1 0.663642 0.608380 0.031458 0.049594
1 0.711736 0.609662 0.029643 0.052159
2 0.770115 0.601967 0.029038 0.040188
2 0.176951 0.653698 0.033273 0.041043
2 0.385965 0.654981 0.025408 0.035913
0 0.562311 0.653698 0.027223 0.041043
0 0.657895 0.658401 0.019964 0.031637
0 0.770115 0.654981 0.029038 0.047029
0 0.850272 0.660539 0.033273 0.035913
1 0.173926 0.772980 0.030853 0.034203
1 0.228675 0.772980 0.031458 0.034203
1 0.278584 0.774476 0.017544 0.034630
1 0.333031 0.779820 0.029643 0.040188
0 0.399577 0.783454 0.033273 0.044036
0 0.486086 0.781958 0.027223 0.044463
1 0.582880 0.781103 0.033273 0.042753
1 0.635511 0.779820 0.029643 0.042753
1 0.685420 0.783454 0.031458 0.044036
1 0.741984 0.782599 0.030853 0.048311
2 0.801270 0.781958 0.036903 0.047029
2 0.176951 0.832407 0.040532 0.045319
2 0.397459 0.833690 0.032668 0.037623
0 0.583787 0.833048 0.031458 0.038906
0 0.683606 0.835186 0.035088 0.026080
2 0.802480 0.833048 0.030853 0.032920
