1 0.142771 0.205002 0.031458 0.037195
1 0.193587 0.206285 0.031458 0.037195
1 0.238355 0.213125 0.022989 0.034630
1 0.290381 0.213125 0.025408 0.037195
1 0.346642 0.215049 0.029038 0.047029
1 0.399274 0.214408 0.025408 0.045746
1 0.451906 0.208850 0.025408 0.048311
1 0.501815 0.208422 0.027223 0.041471
2 0.562311 0.218683 0.027223 0.048311
2 0.740169 0.213767 0.027223 0.035913
2 0.150333 0.273621 0.027223 0.031637
0 0.352692 0.272339 0.021779 0.029072
0 0.444344 0.271056 0.029643 0.031637
0 0.561404 0.275118 0.025408 0.032065
0 0.642166 0.276614 0.027223 0.042753
0 0.743799 0.270201 0.030853 0.035913
0 0.823049 0.271697 0.033273 0.032920
1 0.126134 0.393117 0.021174 0.032920
1 0.175741 0.395041 0.027223 0.031637
1 0.224743 0.394399 0.023593 0.032920
1 0.277374 0.395254 0.023593 0.034630
1 0.339988 0.395896 0.031458 0.035913
1 0.390502 0.395254 0.027223 0.034630
1 0.436479 0.397178 0.029643 0.041043
1 0.489111 0.395254 0.021174 0.034630
2 0.550817 0.396537 0.027223 0.034630
2 0.739867 0.401240 0.035088 0.044036
2 0.126134 0.454468 0.029643 0.031637
2 0.339080 0.454468 0.036903 0.029072
0 0.556564 0.455750 0.022989 0.034203
0 0.634301 0.462591 0.027223 0.042753
0 0.735935 0.459812 0.027223 0.037195
0 0.819117 0.455750 0.025408 0.029072
1 0.127042 0.575032 0.031458 0.035913
1 0.178766 0.575246 0.029643 0.041471
1 0.221718 0.585507 0.021174 0.039761
1 0.273745 0.581231 0.027223 0.039761
1 0.336963 0.586789 0.025408 0.039761
1 0.385965 0.584652 0.025408 0.044036
1 0.439504 0.578452 0.027223 0.040188
1 0.491228 0.579735 0.029038 0.042753
2 0.555656 0.581231 0.033273 0.039761
2 0.736842 0.582086 0.029038 0.041471
2 0.127042 0.641300 0.031458 0.033348
0 0.335148 0.640658 0.029038 0.028645
0 0.437387 0.644079 0.035088 0.030355
0 0.550514 0.649637 0.019359 0.046601
0 0.633696 0.645361 0.033273 0.041471
0 0.741077 0.644934 0.029038 0.048311
0 0.820024 0.641941 0.027223 0.034630
1 0.127344 0.765284 0.023593 0.035913
1 0.178766 0.765498 0.021174 0.038906
1 0.230792 0.767422 0.027223 0.042753
1 0.286146 0.768705 0.025408 0.042753
1 0.352692 0.770415 0.029038 0.042753
1 0.403206 0.772339 0.029643 0.044036
1 0.457048 0.768705 0.030853 0.042753
1 0.509679 0.768277 0.027223 0.038478
2 0.576830 0.772339 0.033273 0.044036
2 0.123109 0.824070 0.023593 0.023514
2 0.353600 0.824070 0.030853 0.032065
0 0.572898 0.831552 0.029038 0.038478
0 0.664852 0.832407 0.029038 0.045319
2 0.768300 0.826849 0.029038 0.031637
