0 0.567546 0.758112 0.0314887 0.0410242 0.962739
0 0.80466 0.397351 0.0315434 0.0377887 0.960127
1 0.238321 0.756928 0.029859 0.0446964 0.957346
0 0.524264 0.345713 0.025355 0.0357044 0.956172
0 0.522743 0.397784 0.0309393 0.0386917 0.951329
0 0.722204 0.397902 0.0310728 0.0390366 0.950317
0 0.542298 0.582267 0.0298466 0.0380415 0.940527
0 0.82261 0.58159 0.0326921 0.0416189 0.935299
1 0.325732 0.344495 0.0273432 0.0381804 0.923472
0 0.65971 0.758941 0.0317343 0.0457687 0.922044
0 0.354669 0.58606 0.0311216 0.0383995 0.919117
0 0.456398 0.760847 0.0324 0.0473871 0.912555
0 0.822836 0.227279 0.0280459 0.0352647 0.905303
0 0.532493 0.221191 0.0276206 0.0407621 0.899969
1 0.292192 0.758326 0.0278211 0.0424467 0.897423
0 0.816786 0.634878 0.0287805 0.038232 0.889609
1 0.339311 0.167228 0.0294116 0.0411785 0.87678
0 0.731092 0.637293 0.0287814 0.0361347 0.870844
1 0.375322 0.346152 0.0268029 0.0397381 0.870303
0 0.441274 0.584793 0.0343392 0.043302 0.861576
1 0.276453 0.169639 0.0264695 0.0414404 0.859195
1 0.261688 0.347238 0.0240482 0.0386681 0.857831
1 0.23327 0.580203 0.0300313 0.0416586 0.855975
1 0.285501 0.580299 0.027113 0.040191 0.842054
0 0.733623 0.585258 0.0319335 0.0408387 0.81957
2 0.766686 0.81574 0.0324437 0.0334374 0.81815
1 0.210745 0.348295 0.0245909 0.0414969 0.814896
2 0.566056 0.812505 0.0289196 0.0381462 0.812887
1 0.726003 0.223379 0.024342 0.0385393 0.807181
2 0.340612 0.224189 0.0300716 0.0384472 0.804498
1 0.388496 0.169733 0.0257071 0.0406602 0.800537
1 0.664362 0.220247 0.0295028 0.0418077 0.799911
1 0.605722 0.402187 0.0282524 0.036383 0.795068
0 0.128373 0.345655 0.0268404 0.0363981 0.787372
0 0.36346 0.760104 0.0319001 0.0452383 0.776252
1 0.228893 0.171495 0.0277215 0.0431993 0.775908
0 0.606805 0.344722 0.0229024 0.0332723 0.771829
0 0.425461 0.348787 0.0257585 0.0404668 0.74494
1 0.61112 0.223015 0.0278764 0.0404973 0.738762
1 0.65813 0.400163 0.0259954 0.039202 0.727124
0 0.437063 0.170895 0.0291222 0.0425821 0.688673
0 0.35353 0.636538 0.0288871 0.0347356 0.684166
2 0.363335 0.813044 0.0295494 0.0336867 0.679915
0 0.628593 0.582916 0.0311184 0.042984 0.668379
2 0.147632 0.633343 0.0328272 0.0413094 0.647113
2 0.765528 0.759189 0.0375596 0.0488148 0.607346
2 0.542488 0.634578 0.0318561 0.0383457 0.586608
1 0.774204 0.225233 0.0235682 0.0368387 0.575539
0 0.233637 0.580593 0.0288488 0.042449 0.562552
2 0.127232 0.398157 0.0357014 0.0396485 0.557344
0 0.129427 0.397194 0.0347601 0.0392001 0.515995
0 0.144407 0.758971 0.0233075 0.0357157 0.514978
0 0.767242 0.816084 0.0338586 0.0354466 0.514396
0 0.534984 0.168965 0.0299151 0.0390144 0.482037
1 0.728784 0.169787 0.0318945 0.0441965 0.450861
0 0.143695 0.583214 0.0220884 0.0297596 0.426042
2 0.724378 0.346138 0.0292812 0.0391748 0.403383
2 0.534577 0.168937 0.0311942 0.0411964 0.396849
1 0.362406 0.75972 0.0309182 0.0453888 0.394189
0 0.143927 0.170584 0.0228828 0.0366661 0.389093
2 0.145554 0.810361 0.0354659 0.0440016 0.385584
1 0.725136 0.345902 0.0281204 0.0391702 0.378663
2 0.728879 0.169262 0.0300329 0.044995 0.321493
2 0.326287 0.399564 0.031797 0.036934 0.315445
